Particle 28 (PDG=13, E=8.952 GeV)
106 hits:
Hit #   x [mm]      y [mm]      z [mm]      t [ns]      detector ID 
0       -780.000    5354.500    480.000     0.0000      3.0         
1       -600.000    4486.500    420.000     0.0000      3.0         
2       -690.000    4920.500    450.000     0.0000      3.0         
3       -750.000    5137.500    450.000     0.0000      3.0         
4       -840.000    5788.500    510.000     0.0000      3.0         
5       -810.000    5571.500    510.000     0.0000      3.0         
6       -660.000    4703.500    420.000     0.0000      3.0         
7       -142.800    2187.750    239.700     0.0293      1.0         
8       -137.700    2152.400    234.600     0.0296      1.0         
9       -142.800    2192.800    239.700     0.0296      1.0         
10      -153.000    2248.350    244.800     0.0298      1.0         
11      -158.100    2288.750    249.900     0.0299      1.0         
12      -137.700    2157.450    234.600     0.0299      1.0         
13      -142.800    2172.600    234.600     0.0300      1.0         
14      -142.800    2197.850    239.700     0.0300      1.0         
15      -147.900    2213.000    239.700     0.0301      1.0         
16      -147.900    2238.250    244.800     0.0302      1.0         
17      -153.000    2253.400    244.800     0.0302      1.0         
18      -158.100    2293.800    249.900     0.0303      1.0         
19      -137.700    2162.500    234.600     0.0303      1.0         
20      -142.800    2177.650    234.600     0.0303      1.0         
21      -142.800    2202.900    239.700     0.0304      1.0         
22      -147.900    2218.050    239.700     0.0305      1.0         
23      -147.900    2243.300    244.800     0.0305      1.0         
24      -153.000    2258.450    244.800     0.0306      1.0         
25      -158.100    2298.850    249.900     0.0306      1.0         
26      -137.700    2167.550    234.600     0.0307      1.0         
27      -142.800    2182.700    234.600     0.0307      1.0         
28      -142.800    2207.950    239.700     0.0308      1.0         
29      -147.900    2223.100    239.700     0.0308      1.0         
30      -153.000    2263.500    244.800     0.0309      1.0         
31      -158.100    2303.900    249.900     0.0310      1.0         
32      -163.200    2344.300    255.000     0.0311      1.0         
33      -180.000    2421.000    270.000     0.0312      2.0         
34      -147.900    2228.150    239.700     0.0312      1.0         
35      -153.000    2268.550    244.800     0.0313      1.0         
36      -163.200    2324.100    249.900     0.0314      1.0         
37      -158.100    2308.950    249.900     0.0314      1.0         
38      -163.200    2349.350    255.000     0.0315      1.0         
39      -147.900    2233.200    239.700     0.0316      1.0         
40      -153.000    2273.600    244.800     0.0317      1.0         
41      -163.200    2329.150    249.900     0.0318      1.0         
42      -158.100    2314.000    249.900     0.0318      1.0         
43      -153.000    2278.650    244.800     0.0321      1.0         
44      -163.200    2334.200    249.900     0.0322      1.0         
45      -158.100    2319.050    249.900     0.0322      1.0         
46      -153.000    2283.700    244.800     0.0325      1.0         
47      -163.200    2339.250    249.900     0.0326      1.0         
48      -180.000    2447.500    270.000     0.0327      2.0         
49      -153.000    2243.300    239.700     0.0339      1.0         
50      -240.000    2765.500    300.000     0.0346      2.0         
51      -210.000    2633.000    300.000     0.0356      2.0         
52      -210.000    2606.500    270.000     0.0358      2.0         
53      -180.000    2474.000    270.000     0.0361      2.0         
54      -240.000    2792.000    300.000     0.0370      2.0         
55      -210.000    2580.000    270.000     0.0372      2.0         
56      -210.000    2712.500    300.000     0.0380      2.0         
57      -180.000    2500.500    270.000     0.0383      2.0         
58      -300.000    3136.500    330.000     0.0385      2.0         
59      -137.700    2243.300    244.800     0.0389      1.0         
60      -240.000    2818.500    300.000     0.0394      2.0         
61      -300.000    3110.000    330.000     0.0396      2.0         
62      -210.000    2739.000    300.000     0.0403      2.0         
63      -180.000    2527.000    270.000     0.0405      2.0         
64      -270.000    2924.500    300.000     0.0413      2.0         
65      -210.000    2633.000    270.000     0.0418      2.0         
66      -240.000    2845.000    300.000     0.0419      2.0         
67      -180.000    2553.500    270.000     0.0427      2.0         
68      -270.000    2951.000    300.000     0.0431      2.0         
69      -210.000    2659.500    270.000     0.0440      2.0         
70      -240.000    2871.500    300.000     0.0443      2.0         
71      -300.000    3163.000    330.000     0.0453      2.0         
72      -270.000    2977.500    300.000     0.0456      2.0         
73      -270.000    3083.500    330.000     0.0459      2.0         
74      -210.000    2686.000    270.000     0.0462      2.0         
75      -240.000    2898.000    300.000     0.0467      2.0         
76      -330.000    3269.000    330.000     0.0472      2.0         
77      -210.000    2474.000    270.000     0.0478      2.0         
78      -300.000    3189.500    330.000     0.0481      2.0         
79      -270.000    3004.000    300.000     0.0481      2.0         
80      -390.000    3534.000    360.000     0.0489      2.0         
81      -240.000    2924.500    300.000     0.0492      2.0         
82      -210.000    2500.500    270.000     0.0492      2.0         
83      -330.000    3295.500    330.000     0.0502      2.0         
84      -270.000    3030.500    300.000     0.0508      2.0         
85      -300.000    3216.000    330.000     0.0510      2.0         
86      -390.000    3560.500    360.000     0.0524      2.0         
87      -360.000    3401.500    330.000     0.0526      2.0         
88      -330.000    3322.000    330.000     0.0533      2.0         
89      -270.000    3057.000    300.000     0.0534      2.0         
90      -300.000    3242.500    330.000     0.0539      2.0         
91      -360.000    3428.000    330.000     0.0558      2.0         
92      -360.000    3507.500    360.000     0.0559      2.0         
93      -330.000    3348.500    330.000     0.0564      2.0         
94      -210.000    2606.500    300.000     0.0579      2.0         
95      -360.000    3454.500    330.000     0.0591      2.0         
96      -330.000    3375.000    330.000     0.0596      2.0         
97      -360.000    3481.000    330.000     0.0624      2.0         
98      -210.000    2527.000    270.000     0.0720      2.0         
99      -240.000    2633.000    300.000     0.0914      2.0         
100     -180.000    2712.500    240.000     0.0932      2.0         
101     -210.000    2712.500    240.000     0.0978      2.0         
102     -240.000    2633.000    270.000     0.1115      2.0         
103     -270.000    2659.500    300.000     0.1167      2.0         
104     -180.000    2739.000    270.000     0.1192      2.0         
105     -300.000    3030.500    270.000     0.1251      2.0         
